1
0
-1
-1
0
1
-1
0
0
1
2
0
0
0
1
-1
0
0
0
1
-1
1
1
1
1
1
2
0
1
0
2
1
0
2
-1
0
1
1
1
-1
-1
-1
2
0
-1
0
0
2
0
0
1
0
0
-1
1
-1
0
1
-1
1
0
2
1
2
4
3
3
0
0
1
0
1
0
-1
0
0
-1
0
-1
-1
1
-1
-1
-1
-2
0
0
0
-3
-3
-1
-2
-2
-2
-2
-5
-3
-2
-3
0
0
-1
-1
-1
-2
-3
-3
-2
-3
-1
-1
-2
-2
-1
-2
-2
-1
0
-2
-3
-2
-2
-1
0
0
-2
-2
0
0
0
1
-1
0
-2
-2
-1
-1
-1
-2
0
2
1
0
0
0
0
0
-2
-2
-2
-2
-1
-2
0
0
0
2
2
-2
-1
1
0
-2
-1
-2
-2
1
1
-1
-2
0
0
1
0
-1
1
-1
1
1
-1
2
0
-1
-1
0
-1
-4
-3
-2
-1
-3
-3
-1
-1
0
-2
-1
-1
-1
-2
0
0
-2
-1
-2
-1
-1
1
-1
-1
1
-1
1
1
1
1
2
3
0
3
3
2
2
-1
0
1
0
-1
1
2
2
2
3
1
3
3
2
2
3
3
4
4
2
3
5
5
5
2
2
1
4
5
3
5
3
5
4
5
3
2
2
2
4
2
2
2
5
3
5
4
4
7
5
5
3
3
3
3
6
2
2
5
4
4
4
4
6
3
6
5
6
5
5
5
4
5
4
5
5
4
4
4
5
5
4
5
3
2
5
4
2
3
3
2
5
5
6
3
2
3
4
7
5
5
5
5
6
5
4
3
5
3
4
4
3
4
4
4
3
1
3
3
4
5
3
5
4
5
5
2
3
3
3
2
4
3
3
3
2
1
2
3
0
1
2
1
1
-1
-1
-1
1
1
-1
-1
0
0
0
1
0
-3
0
-2
-3
0
2
-1
-4
0
0
0
1
1
-1
-1
2
1
1
0
-3
1
0
0
-1
2
1
0
2
0
0
0
1
-1
-1
0
-1
-1
-1
1
0
0
3
1
2
2
2
2
0
0
1
1
3
-1
1
2
1
0
-1
3
1
2
2
1
3
3
5
1
3
2
2
1
0
2
1
2
1
2
0
1
4
0
2
2
4
2
2
4
2
2
2
1
-1
-1
2
0
0
1
0
2
2
2
0
0
2
0
2
-1
-3
-1
-3
0
0
0
-1
-1
-1
0
0
-1
-2
-1
0
-2
-1
-2
-2
-1
-1
-1
-2
-1
0
-1
-2
-2
0
0
-1
-1
-1
-1
-2
-2
0
-2
1
0
0
-1
-1
1
-2
2
-1
1
1
-1
3
0
4
3
2
3
1
2
-1
2
0
1
2
0
2
0
3
2
2
2
2
2
1
5
1
4
0
1
5
-1
1
0
1
2
2
3
-1
3
1
2
3
3
1
1
5
1
4
2
0
1
1
-2
-1
3
1
2
2
1
2
1
2
0
0
0
1
1
-1
-1
-1
-1
-1
0
-1
0
3
4
0
0
1
2
2
-1
2
0
0
1
0
0
-1
0
-1
-1
-1
-2
-1
-2
1
2
-1
0
-1
1
-1
0
-1
-1
-1
0
3
0
1
2
3
2
0
3
3
3
0
2
2
1
3
3
1
0
4
5
5
5
5
7
7
6
6
6
9
8
7
5
6
5
7
8
8
9
10
8
9
9
10
11
7
9
10
9
9
5
7
8
8
8
5
7
9
8
7
5
6
6
8
5
6
4
3
3
1
0
-2
-1
-4
-5
-4
-6
-6
-7
-5
-7
-12
-11
-11
-13
-16
-16
-16
-17
-22
-20
-22
-24
-26
-25
-27
-32
-36
-33
-40
-39
-49
-50
-52
-54
-59
-58
-58
-57
-60
-56
-56
-53
-54
-53
-58
-57
-63
-67
-76
-82
-81
-88
-91
-84
-62
-40
5
53
94
116
163
219
260
260
261
268
263
230
200
175
164
141
126
93
84
84
104
96
82
68
62
43
21
-2
-23
-46
-61
-79
-80
-78
-57
-35
-10
13
36
62
90
112
115
108
96
80
56
27
-2
-25
-49
-65
-73
-81
-77
-59
-40
-31
-31
-26
-26
-24
-37
-55
-82
-96
-111
-119
-129
-126
-111
-89
-75
-56
-41
-11
-3
5
-20
-28
-56
-83
-131
-159
-198
-224
-256
-261
-269
-267
-264
-238
-227
-209
-206
-183
-183
-163
-178
-181
-201
-193
-193
-190
-197
-183
-165
-181
-189
-170
-123
-147
-163
-130
30
197
382
488
553
667
853
985
979
899
841
755
578
361
238
146
77
-41
-126
-209
-169
-82
12
20
-17
-30
-33
-43
-73
-139
-191
-225
-258
-314
-298
-213
-72
36
118
194
283
421
528
569
485
424
341
224
46
-106
-217
-332
-461
-572
-608
-592
-520
-446
-381
-310
-232
-150
-76
21
64
52
25
40
51
35
31
67
110
131
169
223
291
362
401
386
331
292
258
191
85
-31
-119
-186
-226
-271
-267
-254
-194
-145
-94
-31
42
106
130
141
121
117
96
68
16
-28
-59
-76
-100
-102
-104
-109
-118
-102
-118
-139
-182
-191
-241
-295
-371
-389
-419
-436
-476
-473
-464
-422
-402
-370
-373
-328
-313
-286
-304
-280
-280
-253
-264
-258
-270
-317
-342
-334
-314
-425
-493
-424
-129
172
497
680
816
1062
1456
1757
1779
1652
1560
1446
1125
732
531
374
194
-95
-294
-440
-375
-237
-86
-90
-163
-180
-140
-87
-100
-213
-313
-363
-432
-550
-541
-399
-176
-61
20
172
388
662
902
1027
929
860
770
652
393
123
-134
-395
-692
-959
-1095
-1134
-1053
-1005
-939
-821
-619
-395
-161
91
231
270
260
358
413
364
292
271
258
212
211
251
351
438
492
473
439
467
498
437
279
113
-21
-154
-280
-408
-480
-526
-518
-507
-440
-326
-170
-39
59
156
219
290
313
317
237
160
88
30
-64
-131
-186
-224
-261
-249
-251
-259
-286
-263
-307
-368
-468
-508
-576
-616
-679
-690
-706
-674
-654
-590
-553
-464
-431
-378
-386
-334
-322
-305
-357
-378
-401
-453
-477
-455
-412
-486
-475
-350
-24
271
677
1026
1248
1379
1708
2115
2305
2195
1988
1799
1572
1216
912
635
417
140
-136
-457
-489
-414
-314
-362
-429
-487
-467
-400
-298
-299
-402
-440
-416
-453
-450
-328
-129
-16
49
157
370
603
819
996
993
961
863
784
633
466
152
-194
-523
-781
-1009
-1232
-1294
-1324
-1344
-1344
-1169
-959
-692
-372
-88
90
217
461
707
835
842
861
836
804
762
693
634
576
501
358
250
219
225
130
11
-78
-144
-222
-279
-339
-417
-495
-515
-507
-498
-473
-412
-341
-280
-189
-111
-16
42
109
121
156
152
162
93
66
-20
-99
-222
-277
-389
-515
-677
-763
-840
-877
-930
-935
-971
-940
-886
-774
-743
-661
-620
-535
-516
-440
-431
-413
-460
-451
-448
-501
-540
-510
-426
-503
-499
-331
107
497
964
1269
1463
1670
2135
2611
2764
2554
2378
2243
1990
1604
1346
1084
811
394
20
-316
-361
-345
-329
-497
-644
-731
-711
-603
-456
-479
-577
-588
-525
-522
-523
-380
-182
-139
-172
-76
168
417
631
802
850
860
861
943
918
817
552
258
-21
-238
-531
-830
-1024
-1206
-1383
-1532
-1474
-1360
-1212
-1011
-725
-516
-287
62
434
675
779
924
1055
1135
1115
1080
983
893
803
630
459
356
287
133
-14
-107
-134
-214
-298
-363
-450
-524
-547
-564
-636
-691
-698
-641
-597
-535
-462
-358
-281
-159
-94
0
30
78
34
22
-64
-122
-247
-300
-395
-486
-628
-669
-741
-779
-854
-858
-913
-924
-962
-937
-959
-915
-897
-846
-871
-800
-739
-703
-730
-703
-606
-588
-541
-453
-276
-156
270
838
1358
1434
1570
1963
2515
2811
2849
2691
2628
2500
2328
2033
1895
1746
1529
949
594
508
515
207
-10
-144
-329
-697
-867
-746
-706
-922
-1131
-1142
-1070
-1052
-984
-855
-747
-692
-645
-502
-278
11
214
355
439
535
648
828
921
896
710
624
556
393
171
51
-65
-307
-548
-649
-630
-670
-723
-721
-672
-623
-559
-470
-353
-229
-171
-115
-22
105
182
210
243
341
394
407
431
448
455
470
461
419
361
336
275
129
-30
-59
-136
-306
-489
-560
-604
-682
-780
-791
-784
-788
-791
-721
-659
-550
-511
-444
-406
-312
-284
-237
-252
-206
-235
-227
-260
-259
-323
-325
-385
-403
-450
-463
-533
-579
-656
-644
-675
-677
-712
-691
-716
-702
-689
-730
-760
-719
-638
-710
-685
-408
107
462
723
850
1123
1454
1907
2208
2142
1912
1848
1736
1761
1737
1850
1729
1556
1407
1519
1537
1436
1279
1263
965
613
346
336
309
117
-163
-337
-436
-518
-555
-586
-676
-820
-961
-1007
-892
-864
-874
-861
-757
-720
-695
-635
-416
-294
-338
-423
-290
-183
-140
-158
-98
-59
-94
-81
63
161
127
117
202
314
348
310
345
394
342
289
255
228
183
124
81
96
101
80
48
3
-42
-65
-96
-138
-197
-251
-233
-230
-241
-242
-202
-192
-185
-237
-230
-224
-247
-345
-389
-436
-436
-476
-480
-497
-493
-522
-488
-472
-427
-454
-456
-484
-458
-479
-442
-466
-448
-477
-457
-500
-467
-500
-516
-586
-592
-651
-702
-742
-755
-819
-823
-787
-728
-673
-545
-379
-241
73
419
647
559
419
578
935
1196
1048
721
707
665
839
995
1204
1180
1140
1052
1260
1489
1593
1379
1476
1480
1459
1241
1261
1521
1666
1338
1123
1143
1288
1120
944
799
686
342
76
126
99
-250
-477
-460
-448
-619
-810
-708
-617
-764
-1008
-964
-893
-875
-1031
-1093
-1134
-1130
-1164
-1032
-1038
-1064
-1106
-986
-856
-712
-757
-731
-639
-490
-382
-304
-258
-122
-13
71
159
277
365
420
442
446
497
552
604
561
513
536
626
604
585
599
630
566
469
446
443
306
117
27
-28
-152
-305
-353
-390
-480
-592
-574
-576
-614
-726
-736
-790
-802
-887
-884
-933
-953
-1011
-963
-977
-941
-973
-915
-967
-970
-1014
-921
-954
-976
-1023
-1031
-1025
-884
-781
-762
-703
-396
114
437
512
369
483
824
1221
1370
1092
821
848
925
1215
1286
1414
1283
1257
1373
1733
1909
1832
1725
1989
1884
1790
1675
1971
2118
1856
1550
1614
1669
1567
1296
1129
821
539
306
238
41
-365
-586
-558
-624
-805
-912
-949
-914
-1045
-1145
-1183
-1102
-1213
-1298
-1480
-1461
-1468
-1414
-1427
-1380
-1463
-1436
-1329
-1073
-979
-982
-1033
-804
-626
-521
-449
-296
-173
-68
51
240
369
413
494
612
664
674
752
800
812
764
833
901
878
801
827
823
769
674
591
469
337
209
97
-56
-219
-301
-389
-509
-624
-628
-665
-737
-875
-877
-910
-937
-1066
-1069
-1146
-1149
-1237
-1197
-1253
-1252
-1337
-1293
-1334
-1318
-1407
-1450
-1482
-1346
-1299
-1370
-1386
-1098
-563
-120
122
195
201
477
1031
1567
1515
1071
1073
1194
1433
1537
1668
1658
1583
1479
1799
2128
2245
1904
2092
2175
2134
1956
2054
2287
2289
1834
1795
1903
1955
1683
1430
1129
945
724
493
287
-17
-407
-507
-551
-709
-896
-1114
-1170
-1178
-1258
-1429
-1393
-1449
-1494
-1660
-1638
-1576
-1534
-1662
-1570
-1548
-1487
-1480
-1309
-1227
-1152
-1205
-1034
-840
-743
-722
-534
-366
-250
-145
76
247
320
413
576
678
682
738
833
899
837
836
890
917
851
852
828
798
721
647
559
488
379
211
15
-139
-180
-280
-460
-640
-695
-739
-791
-907
-939
-1039
-1091
-1206
-1199
-1297
-1307
-1401
-1386
-1469
-1439
-1492
-1512
-1596
-1536
-1520
-1556
-1637
-1517
-1165
-696
-391
-200
-286
-180
310
1033
1367
897
727
921
1188
1369
1576
1695
1642
1448
1729
2119
2507
2125
2094
2344
2456
2273
2239
2375
2656
2261
2083
2136
2326
2107
1828
1463
1333
1259
982
591
370
51
-158
-283
-453
-666
-898
-1128
-1161
-1172
-1412
-1498
-1574
-1571
-1693
-1747
-1757
-1644
-1727
-1657
-1658
-1627
-1635
-1395
-1388
-1368
-1397
-1229
-1065
-1019
-1051
-818
-637
-555
-484
-215
-25
37
90
329
536
528
533
683
811
783
752
801
910
872
810
788
814
785
708
562
472
409
286
87
-83
-140
-231
-401
-569
-579
-607
-709
-862
-879
-932
-972
-1145
-1177
-1306
-1343
-1461
-1523
-1692
-1761
-1801
-1761
-1833
-1808
-1728
-1310
-805
-415
-458
-690
-376
414
1111
912
372
521
856
1033
1323
1533
1580
1302
1506
1920
2522
2355
1995
2147
2577
2449
2367
2218
2606
2565
2247
2112
2450
2466
2220
1732
1554
1613
1579
1017
733
530
260
26
-26
-182
-421
-798
-989
-883
-1013
-1240
-1440
-1499
-1602
-1648
-1728
-1650
-1750
-1754
-1746
-1649
-1682
-1503
-1510
-1530
-1537
-1328
-1209
-1184
-1291
-1067
-859
-754
-769
-560
-370
-283
-258
-56
148
167
153
304
471
517
523
586
699
704
664
697
741
735
635
473
396
391
299
88
-139
-207
-225
-331
-520
-583
-627
-679
-817
-863
-975
-1007
-1143
-1200
-1401
-1546
-1632
-1616
-1661
-1722
-1786
-1783
-1397
-743
-420
-535
-850
-452
322
879
737
251
380
566
812
1086
1383
1295
1192
1308
1833
2224
2361
1937
2118
2386
2470
2322
2304
2436
2660
2181
2135
2469
2684
2177
1795
1597
1769
1644
1140
828
724
278
57
167
37
-367
-679
-801
-720
-838
-1155
-1181
-1287
-1411
-1513
-1510
-1559
-1561
-1660
-1576
-1634
-1624
-1611
-1462
-1578
-1488
-1401
-1283
-1225
-1148
-1096
-890
-815
-693
-606
-473
-435
-311
-261
-185
-96
4
63
127
194
301
341
413
529
578
514
473
456
434
335
262
172
7
-207
-242
-256
-319
-519
-651
-744
-766
-832
-835
-984
-1158
-1356
-1381
-1432
-1481
-1580
-1704
-1780
-1604
-1083
-575
-445
-567
-663
-247
375
932
692
99
208
490
829
1048
1182
1100
1101
1322
1848
2309
2333
1796
2097
2416
2511
2353
2268
2386
2483
2138
2312
2554
2510
2079
1918
1680
1756
1697
1287
813
540
318
369
240
-141
-401
-523
-703
-729
-778
-993
-1156
-1356
-1326
-1320
-1424
-1573
-1545
-1569
-1470
-1572
-1563
-1542
-1424
-1486
-1400
-1368
-1242
-1193
-1146
-1096
-814
-731
-708
-684
-465
-335
-306
-341
-208
-99
-51
-45
46
141
210
247
348
429
438
388
360
342
388
267
76
-98
-130
-190
-332
-594
-655
-730
-848
-1035
-1068
-1185
-1336
-1523
-1602
-1627
-1602
-1714
-1867
-1810
-1150
-562
-420
-705
-815
-251
413
838
620
121
82
309
660
1002
971
917
862
1310
1727
2222
2257
1973
2073
2542
2537
2547
2289
2521
2595
2439
2379
2713
2585
2226
1968
1976
1916
1740
1236
976
672
379
319
363
-69
-459
-558
-602
-666
-919
-1095
-1256
-1468
-1645
-1619
-1761
-1887
-1966
-1871
-1764
-1584
-1573
-1425
-1270
-1075
-861
-654
-653
-493
-407
-216
-101
-32
-105
-4
69
121
19
-99
-186
-208
-328
-381
-403
-416
-427
-376
-330
-199
-184
-141
-228
-301
-395
-353
-571
-799
-1115
-1132
-1201
-1357
-1641
-1654
-1839
-2053
-2254
-2390
-2523
-2630
-2797
-2998
-2728
-1898
-778
-161
122
539
1556
2574
3361
3779
3367
3077
3400
3516
3434
3137
3092
2851
2666
2766
3091
2842
2213
1492
1608
1407
856
198
-364
-689
-913
-1001
-836
-870
-1072
-1278
-961
-548
-192
-215
-529
-345
-19
66
194
285
158
156
194
232
468
435
213
159
151
390
560
404
225
174
274
421
334
70
-30
-103
-225
-221
-412
-566
-585
-675
-677
-616
-605
-538
-530
-478
-378
-254
-331
-333
-399
-350
-351
-393
-549
-552
-668
-666
-800
-876
-1133
-1319
-1501
-1449
-1686
-1874
-2128
-2041
-2125
-2233
-2517
-2591
-2805
-2902
-2976
-3164
-3437
-3467
-3120
-2573
-1432
-276
324
386
1492
3408
4928
5304
4890
5237
6066
5888
5567
5303
4862
4121
3309
2599
2363
1871
1066
-243
-404
-336
-612
-1362
-1891
-1904
-1686
-1712
-1530
-1350
-1452
-1524
-1061
-588
-283
-150
-284
-139
231
494
784
793
761
1079
1260
1259
1512
1670
1535
1466
1263
1228
1188
718
185
-217
-432
-508
-877
-1476
-1582
-1460
-1450
-1493
-1555
-1415
-1084
-941
-733
-487
-315
41
221
372
562
746
739
810
728
683
446
275
23
-251
-713
-866
-1151
-1566
-1985
-2073
-2165
-2246
-2580
-2591
-2639
-2544
-2625
-2665
-2952
-2979
-3058
-3142
-3348
-3427
-3304
-3323
-2638
-1168
323
589
781
2121
4127
5364
5858
5628
5771
6349
6097
5519
5037
4464
3830
2307
1419
1342
1050
-184
-1390
-1614
-1126
-1453
-1828
-2227
-2052
-1693
-1230
-1000
-854
-728
-647
-201
91
401
572
238
171
591
843
940
1050
971
1216
1410
1363
1614
1803
1679
1557
1172
1036
1117
668
-52
-499
-528
-638
-1161
-1772
-1834
-1481
-1492
-1453
-1509
-1365
-879
-661
-449
-239
27
173
299
315
550
516
440
297
167
-63
-70
-379
-761
-1264
-1423
-1545
-1740
-2303
-2533
-2688
-2625
-2717
-2801
-3176
-3253
-3330
-3418
-3555
-3630
-3600
-3953
-3656
-2297
-581
211
378
1178
3188
4879
5934
6272
5933
6369
6709
6040
5396
4770
4188
2934
1466
1060
1064
133
-1021
-1868
-1549
-1518
-1663
-2114
-2343
-2125
-1562
-1153
-1067
-888
-897
-732
-274
120
439
343
152
465
1089
1298
1469
1584
1685
2032
2148
2069
2179
2139
1873
1346
796
714
423
-450
-1189
-1344
-1243
-1526
-1992
-2199
-1652
-1210
-986
-899
-819
-218
202
321
322
495
458
432
284
227
90
-81
-384
-529
-743
-713
-925
-1230
-1581
-1591
-1690
-1796
-2149
-2275
-2512
-2589
-2836
-3050
-3583
-3841
-3870
-4064
-4457
-4650
-4021
-3051
-1670
-301
453
1014
2850
5004
6382
6715
6306
6878
7254
6412
5568
4744
3833
2846
1523
402
103
-433
-1026
-2136
-2131
-1673
-1393
-1820
-2176
-1927
-1267
-734
-714
-875
-1128
-917
-235
-91
-187
-137
28
361
1020
1355
1727
2099
2356
2736
2861
2882
2966
2723
2031
1509
954
421
-189
-1158
-1821
-2112
-2064
-2199
-2503
-2634
-1864
-1126
-760
-539
-296
371
800
891
828
904
782
617
184
19
-70
-331
-822
-983
-1094
-1161
-1414
-1526
-1718
-1780
-1971
-1834
-2058
-2332
-2722
-2872
-3262
-3584
-3932
-4253
-4693
-4967
-4700
-4074
-2657
-1031
113
367
1851
4527
6407
7124
6828
6928
7607
7256
6098
5011
3907
3018
1823
114
-345
-581
-969
-2042
-2446
-1915
-1219
-1310
-1739
-1826
-1374
-691
-452
-827
-1274
-1448
-1002
-649
-658
-624
-411
-217
622
1436
1941
2519
2931
3410
3774
3697
3559
3472
2713
1866
944
5
-542
-1421
-2412
-3070
-2933
-2702
-2629
-2813
-2249
-1157
-351
15
189
671
1201
1496
1159
936
789
722
303
-132
-463
-603
-857
-992
-1196
-1306
-1467
-1412
-1624
-1766
-1944
-1776
-2045
-2506
-3109
-3361
-3784
-4114
-4516
-5160
-5552
-5439
-4293
-3052
-1615
-193
792
2075
4438
6540
7606
7587
7168
7790
7483
6192
4913
3657
2621
1370
106
-721
-829
-1266
-1569
-2170
-1664
-862
-608
-1257
-1622
-1185
-633
-584
-1250
-1791
-2016
-1826
-1361
-1417
-1292
-781
-99
632
1619
2522
3369
3975
4268
4631
4449
4141
3641
2691
1381
293
-656
-1618
-2472
-3381
-3605
-3496
-2993
-2686
-2258
-1625
-546
361
652
961
1121
1350
1208
949
509
276
-17
-348
-621
-646
-575
-571
-825
-731
-653
-670
-953
-1067
-1479
-1613
-2069
-2381
-3149
-3913
-4381
-4736
-5275
-5779
-5907
-6120
-5242
-3377
-1315
-72
839
2442
5168
7163
7852
8198
7548
7573
7340
5802
4151
2893
2042
752
-748
-1350
-654
-975
-1324
-1498
-809
-3
289
-220
-1023
-1025
-738
-737
-1746
-2657
-2881
-2903
-2392
-2019
-1589
-1049
-20
1210
2496
3424
4357
5222
5289
5189
4703
4126
3233
1946
328
-1154
-2098
-2744
-3329
-4212
-4021
-3276
-2317
-1799
-1230
-268
694
1363
1430
1431
1241
1150
558
-74
-482
-643
-901
-1148
-1096
-754
-429
-55
80
196
158
346
12
-490
-1351
-1690
-2354
-3150
-4131
-4965
-5525
-5855
-5891
-6350
-6441
-5701
-3818
-1940
-269
1465
2743
4309
6472
7986
8227
7731
6797
6657
5603
3776
2611
1468
675
-269
-967
-938
-164
-86
-100
-311
178
953
747
-525
-1498
-1749
-1873
-2407
-3280
-3945
-3819
-3236
-2176
-1493
-557
897
2359
3475
4362
5307
5888
6020
5233
4252
3096
2236
1177
-588
-2231
-3152
-3163
-3399
-3534
-3434
-2543
-1511
-631
-119
275
989
1350
1171
509
219
19
-415
-1100
-1424
-1273
-907
-586
-411
-33
776
1300
1460
1104
1051
698
173
-950
-1730
-2583
-3351
-4193
-4903
-5599
-5916
-5732
-5690
-5603
-5342
-4505
-3473
-1659
445
2098
2834
3413
5435
7052
7215
6642
5820
5543
5164
3825
2382
1699
1354
1243
89
-483
579
1232
707
-77
-195
281
179
-905
-2503
-3110
-3123
-2881
-3568
-4028
-3609
-2415
-1371
-407
692
2033
3398
4128
4672
4842
5192
5076
4279
2949
1813
1079
276
-720
-1886
-2366
-2449
-2099
-1997
-1897
-1504
-730
-125
-138
-232
-128
88
-196
-808
-1208
-1210
-1077
-1132
-1188
-804
-47
612
805
1146
1469
1923
1645
1187
417
-164
-974
-1642
-2684
-3607
-4191
-4346
-4671
-5129
-5211
-5011
-4628
-4361
-4046
-3966
-3146
-1068
795
1599
2129
3041
4891
6409
6424
6172
5566
5444
5349
4002
2555
2055
2065
1342
285
-298
699
907
402
-423
-673
-374
-329
-1267
-2961
-3401
-2986
-2808
-3217
-3588
-2830
-1683
-495
339
1264
2363
3632
4279
4273
4321
4449
4371
3475
2286
1311
724
154
-609
-1423
-2002
-1690
-1338
-1255
-1485
-1214
-523
-228
-518
-902
-928
-813
-915
-1488
-1720
-1515
-1056
-796
-661
-144
708
1259
1528
1410
1564
1522
1340
409
-577
-1410
-1744
-2369
-3274
-4177
-4133
-4022
-4265
-4543
-4694
-4374
-3875
-3784
-4305
-4095
-2253
149
997
1335
2160
3996
6317
6876
6473
5815
5709
5875
4719
2855
1889
1956
1388
351
-535
279
1097
907
3
-547
-171
112
-563
-2522
-3669
-3331
-3031
-3282
-3853
-3308
-2128
-592
346
1333
2466
3741
4545
4411
4225
4240
4250
3306
2018
947
443
180
-361
-1017
-1577
-1249
-648
-415
-787
-884
-559
-443
-797
-1364
-1690
-1795
-1878
-2095
-2084
-1658
-1002
-551
-125
424
1266
1734
1893
1489
1260
971
706
-108
-1128
-2030
-2174
-2389
-2897
-3596
-3608
-3397
-3419
-3732
-4116
-4229
-3948
-3803
-4454
-4573
-3118
-617
836
1480
2294
3770
6155
7384
7048
6030
5425
5408
4530
2683
1339
1373
1210
586
-152
496
1709
1947
1099
32
-86
33
-649
-2681
-4465
-4413
-4050
-3760
-3974
-3193
-1764
23
1297
2316
3364
4375
4932
4385
3725
3424
3388
2497
1188
236
-25
255
273
-51
-496
-291
183
195
-489
-1055
-1267
-1506
-1957
-2489
-2623
-2426
-2166
-1887
-1513
-886
-55
384
580
673
1062
1226
1096
493
55
-281
-268
-630
-1141
-1660
-1541
-1538
-1830
-2426
-2572
-2813
-3227
-3860
-4521
-4802
-4688
-4470
-4919
-4715
-3047
-304
1593
2411
3257
4407
6263
7337
6795
5333
4314
3943
3070
1745
799
1170
1587
1430
1230
1979
3120
3219
1977
451
-346
-787
-1951
-3798
-5479
-5250
-4514
-3693
-3179
-1781
-20
1520
2530
3101
3672
3945
3787
2797
1966
1752
1900
1462
858
926
1153
1553
1676
1264
671
245
-106
-796
-1681
-2305
-2646
-2700
-2684
-2472
-2072
-1565
-1083
-758
-466
-295
-190
-230
-281
-385
-116
73
320
378
543
622
793
522
96
-704
-1146
-1652
-2191
-2851
-3232
-3426
-3430
-3299
-3238
-3332
-3289
-2931
-2776
-2702
-2539
-2316
-1458
286
1993
3103
3475
3805
4944
5585
4982
4022
3322
2428
1324
950
905
1193
1544
1684
1732
2354
3048
2503
1189
234
-871
-1873
-2953
-3686
-4176
-3668
-3164
-2235
-961
539
1508
2210
2619
2766
3092
2951
2455
1859
1656
1629
1565
1519
1359
1127
1019
944
564
-32
-549
-885
-1327
-1631
-1657
-1630
-1541
-1274
-1054
-1036
-939
-807
-961
-1256
-1322
-1298
-1155
-896
-548
-195
451
885
1106
977
982
589
67
-689
-1315
-1853
-2122
-2327
-2272
-2117
-1897
-1685
-1267
-1085
-1057
-1326
-1530
-2001
-2340
-2657
-2999
-3143
-3078
-2695
-2499
-1854
-637
1278
2716
3342
3920
4197
4758
5069
4458
3253
2335
2179
1684
1184
983
1422
1761
1827
1746
1821
1978
1709
678
-201
-791
-1200
-1645
-2037
-2320
-1857
-1291
-638
-337
260
869
1343
1619
1543
1394
1388
1567
1558
1167
895
988
935
709
317
-113
-284
-268
-434
-822
-806
-532
-475
-576
-614
-500
-484
-627
-1043
-1282
-1192
-1128
-1299
-1341
-1156
-704
-370
-190
-157
157
389
415
95
-76
-237
-349
-613
-894
-1080
-978
-952
-973
-1075
-1011
-1009
-1033
-1146
-1154
-1252
-1338
-1457
-1471
-1493
-1380
-1344
-1318
-1338
-1186
-998
-980
-970
-791
-490
-274
167
908
1568
1927
2067
2179
2416
2396
2199
1805
1544
1407
1484
1475
1551
1621
1826
1726
1618
1447
1444
1108
733
408
353
270
296
186
188
302
686
791
616
346
192
212
198
-71
-328
-272
-62
-41
-3
108
158
133
34
-51
-117
-39
-96
-226
-271
-291
-349
-399
-563
-666
-688
-637
-689
-757
-686
-468
-345
-366
-440
-344
-302
-297
-504
-595
-719
-693
-753
-885
-913
-807
-777
-690
-689
-542
-394
-251
-375
-498
-558
-602
-641
-606
-677
-690
-624
-375
-325
-292
-350
-369
-257
-258
-294
-377
-445
-410
-427
-355
-452
-497
-470
-440
-407
-371
-153
29
220
324
612
957
1105
1000
936
1081
1234
1080
957
851
960
1015
1165
1141
1179
1202
1325
1266
1192
1101
1031
943
988
918
895
825
768
633
565
472
322
219
224
83
58
119
173
69
-15
-38
-35
-31
18
-24
-108
-98
-20
-37
-86
-50
-177
-200
-219
-289
-406
-456
-568
-803
-815
-755
-862
-874
-1001
-835
-839
-727
-717
-747
-511
-450
-575
-661
-681
-634
-678
-588
-679
-451
-323
-339
-329
-465
-290
-202
-381
-509
-509
-105
-303
-410
-464
-324
-113
-198
-214
-418
-128
-51
-311
-212
-144
-100
-163
-85
-145
-131
103
107
-27
-49
21
-137
-148
80
79
126
301
358
448
492
458
563
602
650
526
492
821
747
656
579
827
913
898
800
874
984
997
903
838
820
881
772
869
615
431
452
457
279
217
270
356
334
220
204
260
187
56
-19
-32
11
-197
-93
2
-231
-179
-196
-125
-445
-567
-361
-384
-381
-641
-482
-580
-454
-577
-560
-468
-626
-618
-866
-487
-437
-469
-247
-271
-186
-509
-462
-336
-301
-703
-790
-330
-356
-250
-668
-586
-153
-351
-563
-760
-29
206
-393
-153
-47
-271
-130
-59
-117
-275
174
138
-569
-322
260
173
-26
3
30
-9
320
-189
-211
467
258
297
73
335
293
-212
648
20
258
163
102
563
-162
138
136
385
369
80
438
236
671
235
-82
717
160
635
73
475
326
208
708
18
348
28
435
666
-127
463
39
516
229
18
474
-316
298
-77
775
-88
-205
657
-12
527
-409
287
348
-119
362
13
271
-79
147
93
-236
-177
-354
237
-497
-389
264
-51
-313
-819
-178
508
-417
-619
-493
539
-168
-967
-503
-48
281
-763
-404
-410
-30
-279
-810
416
148
-513
-519
-217
398
-804
-152
165
326
-643
-595
309
-433
-75
-457
56
-74
-414
-211
295
-142
-394
-21
395
415
-840
98
877
415
-592
246
998
-201
-152
-86
814
294
-173
36
262
704
-768
291
315
50
-502
-74
1284
-601
-267
287
614
-413
158
443
-380
491
62
251
-54
102
257
282
-54
-141
557
103
-226
-525
727
355
-708
84
-154
746
-1038
694
52
-565
537
-726
1149
-1014
110
291
-322
492
-989
872
-569
-130
-119
-229
825
-1350
753
-573
512
271
-1020
968
-251
311
-511
195
264
-546
302
225
-112
-347
130
-300
-355
430
-605
-288
-34
193
-352
-241
474
-448
-482
348
301
-686
430
154
-140
-83
-156
354
51
86
-81
84
28
87
-535
-27
486
-220
-551
-63
285
-113
-320
166
260
-75
61
-8
272
-76
9
-139
655
62
-513
55
671
-218
-419
696
346
-76
-467
475
178
-417
-201
387
178
-282
-87
103
547
-598
-563
960
-72
-459
-77
774
-76
-972
314
654
-151
-1011
737
330
-400
-304
12
729
-779
-77
345
137
-66
-553
697
447
-804
25
124
332
-370
-48
-9
-204
30
-244
180
-637
257
-67
-424
652
-645
253
461
-656
560
-211
268
-563
192
434
-889
253
146
368
-1276
492
759
-813
345
-153
334
-277
-216
167
-145
260
-681
327
481
-287
-232
54
698
-292
-296
362
392
-298
-282
368
16
-196
-256
439
157
-268
-233
138
321
-353
-61
276
16
-142
-177
171
41
-141
82
166
1
-293
374
-54
100
-126
187
-32
-251
267
27
-74
-457
799
-162
-251
144
217
214
-503
523
-402
87
114
-422
562
-495
238
-174
109
206
-200
328
-297
268
-576
443
267
-729
35
359
-92
-285
-139
743
-325
-311
791
-295
7
-118
140
-84
-6
-146
-168
207
-125
-499
75
281
50
-945
701
330
-617
227
-193
554
-644
198
314
-149
-182
-187
471
-87
-126
92
78
445
-424
-96
483
-186
-401
3
571
-311
-462
556
-109
-151
124
170
125
-635
868
-450
-56
-40
59
265
-344
265
-175
747
-533
-288
745
-234
-310
63
511
-238
-653
526
110
-199
-146
231
212
-125
-59
-15
169
-44
-296
272
-85
25
-244
214
184
-470
484
-54
-9
41
36
67
-161
128
149
-87
-170
-110
431
-117
-1
-146
111
435
-584
113
237
-230
-80
-53
142
78
-124
-245
-71
590
-456
-257
246
317
-39
-446
505
-265
220
-185
252
-224
47
56
-63
-39
-117
451
-146
-103
-88
227
17
-169
146
71
-30
-204
-43
131
-153
133
-174
529
-672
229
302
-211
14
90
223
-508
397
-343
189
10
72
130
-375
656
-670
106
427
-613
341
48
221
-735
261
634
-890
217
444
-78
-446
258
456
-502
173
83
-19
-105
14
176
-264
76
4
-100
424
-350
-232
615
-365
-7
-44
515
-327
-762
1081
-352
-169
-335
407
462
-659
-86
64
720
-316
-457
-37
949
-158
-1259
790
772
-816
-475
616
480
-494
-704
444
816
-742
-43
-222
836
-61
-1057
558
602
-72
-1111
549
563
-448
-250
133
601
-576
60
148
-188
573
-564
179
331
-166
-124
-183
455
-227
-25
213
-236
294
-213
36
-96
278
-162
-235
488
-231
-14
-135
281
-287
-44
354
-231
66
-109
154
136
-323
78
224
134
-230
-224
360
-141
-98
-254
456
177
-453
123
-61
379
-650
355
279
-592
332
-166
53
-23
82
89
-344
528
-420
82
341
-423
80
-16
214
-343
199
76
-296
385
-132
-44
-217
494
-29
-532
400
-46
137
-113
-87
114
-192
350
-382
153
-221
147
417
-603
150
-79
413
-273
31
-36
256
166
-693
362
91
-97
-120
-79
611
-357
-94
-45
271
-39
31
-30
-96
564
-540
200
-170
174
25
-452
522
-18
-243
85
43
190
-275
230
-123
25
-102
-93
444
-819
532
31
-217
418
-441
225
-80
365
-247
-278
569
-95
12
-660
842
-12
-623
237
124
540
-830
383
129
-155
144
-416
548
-339
-44
-19
382
-76
-491
468
-109
20
-536
542
390
-887
295
232
-25
-337
27
571
-461
-81
304
-6
26
-280
-37
426
-196
-452
337
42
-288
-14
17
484
-435
-30
277
72
-225
-74
345
-46
-127
-124
315
-383
183
-14
-280
279
31
74
-277
397
-81
-405
511
-251
-313
469
-9
-386
-11
457
-401
-114
759
-288
-443
314
289
-721
394
329
-369
41
127
311
-252
-32
27
-38
229
-68
-436
249
350
-311
-120
-8
259
-42
-170
271
-158
49
-72
-151
221
28
84
-461
347
151
-198
-159
373
41
-254
307
-157
-75
-98
63
207
-59
-160
103
23
109
-158
-60
177
130
-297
137
-26
-190
-38
220
-110
-227
509
-291
-131
-58
371
-17
-134
300
-297
-23
196
-16
-519
236
486
-684
-90
377
265
-520
-96
585
-190
102
-282
152
313
-285
-344
313
481
-379
-505
455
497
-586
-408
744
336
-358
-408
400
173
-596
267
398
-514
121
346
-221
-160
15
93
206
-124
-174
-204
474
157
-639
258
271
-158
-82
97
-55
-215
518
-8
-632
218
140
377
-627
34
318
-168
287
-501
389
192
-414
41
270
82
-514
472
109
-222
-4
-47
339
-296
-112
327
131
-411
-366
646
-106
-196
-64
241
262
-646
26
358
131
-758
276
692
-487
-584
597
315
-691
97
379
-274
190
-227
-141
364
-240
251
-366
476
-22
-507
556
-188
117
-247
484
-472
-64
354
-288
328
-621
536
-126
65
122
-162
362
-549
375
234
-483
91
344
-215
-176
349
-214
-50
243
-284
384
-305
55
-104
-381
784
-410
-269
214
77
77
-284
-147
464
229
-419
-471
528
315
-368
-615
512
597
-791
-304
577
371
-575
-455
679
407
-347
-699
245
674
-162
-777
275
689
-640
-145
172
396
-338
-342
436
-339
327
-97
-153
-57
199
81
-373
552
-600
-43
390
-20
-175
-375
663
-316
-140
102
-105
508
-179
-317
-208
617
239
-838
100
430
-101
-312
193
66
77
-91
-295
319
310
-313
-502
802
75
-431
-170
196
525
-472
-354
316
515
-485
-409
704
-120
-258
263
-247
401
-503
290
186
-620
486
-92
299
-393
-180
476
210
-360
-661
1304
-608
-499
559
-55
-43
-851
1120
-290
-566
394
-116
218
4
-203
-423
838
-175
-247
-111
224
290
-760
443
-358
305
235
-202
-575
272
892
-738
-122
352
341
-595
-306
935
-51
-640
-137
685
165
-722
-5
587
-142
-328
436
-192
-63
309
-501
-68
437
302
-319
-790
1033
13
-578
278
328
5
-449
294
-152
687
-445
-624
685
227
-62
-845
652
575
-908
6
526
410
-1013
459
273
-501
57
-26
761
-707
-279
356
387
-25
-512
154
240
604
-982
51
595
-308
-445
224
982
-969
-410
550
373
-211
-296
369
-230
-26
246
-286
300
80
-639
547
515
-695
-273
600
-94
-405
422
254
-482
-171
487
-107
-80
243
-350
182
162
-179
118
23
-31
-226
127
318
-299
-376
724
-253
-377
404
-89
40
-138
-2
44
122
45
-686
383
300
-281
-165
291
398
-1064
420
377
138
-572
-136
579
-298
322
-685
270
521
-430
-351
111
715
-652
-254
242
640
-278
-774
856
-64
-337
-201
721
-45
-588
96
-13
186
151
-366
-32
405
-60
-638
623
84
-339
168
-301
385
-41
-134
-439
508
63
-735
406
205
-143
-431
454
187
-651
526
125
-140
-346
547
82
-666
513
-263
428
-343
-133
309
16
-101
-390
588
116
-359
-308
379
418
-788
-19
502
-27
-179
-261
354
46
-367
2
240
145
-444
274
118
-120
-8
-301
487
-97
-26
-282
203
67
-331
-7
148
602
-555
-347
1038
84
-541
64
492
118
-727
-52
265
-76
-388
112
127
-101
-69
-145
172
285
-411
-183
113
29
-4
-184
106
-113
-45
-150
150
221
-23
-275
-194
410
225
-143
-262
238
13
70
-12
-26
133
-131
-226
125
205
-3
-252
20
379
-163
-277
195
24
-245
131
68
-199
142
-5
-195
183
-16
175
-209
2
165
-145
180
17
-136
-9
157
-124
131
359
-406
-129
294
194
57
-421
128
248
-114
46
-42
-13
-33
-153
185
147
46
-394
5
504
-160
-88
138
27
-270
90
78
-91
-160
-15
237
-200
-9
89
98
-97
-81
81
201
40
-336
29
333
-151
-57
-56
175
-104
-105
325
44
-104
-213
59
-27
336
-40
-235
-56
160
-60
-119
-71
253
-75
-364
215
-132
159
-158
-223
240
-184
50
-80
31
-65
-183
75
224
224
-412
102
-127
239
285
-324
93
-111
334
-82
-411
231
308
-297
-141
257
-90
132
-81
-127
107
6
54
-220
109
229
-329
-193
546
-13
-304
107
28
266
-246
213
55
-180
61
236
-28
-204
397
-210
-39
215
-103
122
-56
78
59
-177
144
92
43
-66
96
-74
97
149
-119
20
40
85
-33
23
101
-69
-54
113
-9
6
-75
121
-62
-132
172
-158
-3
121
-64
-90
-75
-26
84
-234
111
-132
-83
77
-319
2
-42
44
-334
-44
156
-165
-161
-297
52
-114
-58
-236
-157
89
-574
-86
74
-65
-402
45
35
-361
121
-119
-110
-312
154
273
-447
-105
52
-28
-295
105
18
22
76
-440
230
32
-55
-25
86
323
-144
69
236
335
122
74
466
375
416
258
275
515
450
452
542
488
599
625
583
616
605
471
463
525
621
392
187
297
224
129
196
207
9
-48
-62
-146
-175
-228
-165
-373
-433
-336
-440
-536
-553
-422
-465
-315
-668
-750
-410
-509
-313
-484
-507
-765
-556
-37
-427
-569
-778
-27
-449
-519
-115
-642
-128
-328
-410
-281
-9
-370
-399
-113
-446
110
-249
-175
-386
-362
232
-381
-534
-208
-244
-432
-402
-351
-93
497
150
143
-347
-465
197
789
983
47
127
554
842
595
331
753
1240
1176
879
921
1218
1076
876
888
1165
1287
1249
810
363
440
799
700
458
272
181
180
134
-51
-298
-244
-78
-30
-128
-403
-444
-412
-374
-395
-222
-120
-244
-446
-567
-194
-216
-312
-106
-146
-108
-130
-182
-284
-147
-46
-231
-28
-66
-141
-326
-454
-305
-166
-43
-256
-497
-359
-515
-301
-385
-377
-385
-555
-280
-456
-479
-652
-692
-225
-588
-446
-559
-456
-615
-802
-439
-636
-410
-532
-683
-733
-882
-594
-774
-673
-675
-676
-619
-611
238
530
-48
-620
-776
111
903
1020
514
160
573
717
1012
1043
1158
1529
1619
1457
1360
1539
1817
1521
1384
1455
1818
1764
1435
928
640
885
1119
1040
649
295
266
163
-45
-291
-326
-307
-293
-543
-752
-771
-642
-713
-981
-945
-558
-392
-656
-896
-840
-522
-367
-249
-243
-187
-168
-119
-144
-31
138
192
222
151
188
179
54
103
84
195
146
96
50
-191
-257
-209
-196
-238
-214
-401
-728
-549
-624
-703
-347
-612
-843
-747
-832
-514
-649
-692
-786
-697
-635
-602
-735
-614
-771
-1056
-615
-641
-1088
-893
-974
-758
-819
-1007
-777
-300
371
261
-289
-627
-826
-5
992
1006
464
304
741
878
1077
994
1357
1874
2022
1686
1593
1894
2030
1764
1700
1683
2111
2225
1899
1100
736
1109
1328
1145
832
532
449
187
-130
-457
-412
-217
-331
-698
-971
-947
-900
-925
-1147
-1192
-946
-705
-777
-1041
-1024
-837
-808
-604
-343
-97
19
-95
-296
-286
42
402
407
325
330
393
339
271
179
297
473
420
243
-2
-134
-171
-249
-132
-216
-277
-311
-529
-729
-886
-678
-683
-963
-689
-688
-857
-1179
-1079
-846
-587
-616
-736
-689
-773
-992
-837
-655
-774
-1104
-995
-954
-977
-865
-670
-943
-1070
-598
209
437
-48
-709
-1014
-40
849
1226
819
478
664
987
1168
1127
1592
2366
2264
1767
1494
2051
2392
2331
1896
1654
1906
2325
2158
1551
1002
1014
1004
1021
852
685
423
130
-310
-693
-694
-415
-337
-680
-1213
-1408
-1126
-975
-1155
-1304
-1189
-1019
-927
-1086
-934
-811
-732
-815
-736
-320
161
314
-109
-347
-137
277
637
593
581
521
446
396
367
495
541
488
264
55
99
-15
-172
-356
-334
-243
-223
-407
-779
-756
-687
-950
-906
-561
-836
-1037
-804
-983
-1034
-810
-580
-788
-584
-533
-808
-904
-509
-670
-926
-854
-759
-928
-828
-861
-775
-877
-995
-933
-152
711
271
-485
-890
-694
148
964
1114
715
477
814
1050
997
1017
1807
2417
2186
1381
1517
2169
2507
2130
1636
1545
1904
2108
2064
1510
1135
1006
947
625
476
641
758
412
-306
-868
-795
-361
-247
-680
-1150
-1262
-996
-855
-1186
-1424
-1249
-792
-743
-982
-1062
-796
-550
-554
-711
-704
-353
193
327
2
-297
-73
235
421
463
477
530
486
242
16
123
415
316
20
-103
-37
54
-85
-332
-602
-342
152
-465
-663
-377
-451
-918
-846
-590
-704
-523
-528
-569
-756
-656
-277
-666
-384
-654
-615
-116
-432
-735
-827
-322
-638
-945
-807
-670
-569
-868
-707
-954
-720
66
305
137
-601
-941
-535
287
873
640
513
591
716
790
684
1075
1671
1981
1545
1162
1374
1917
2177
1984
1338
1188
1472
1941
1775
1370
1179
1155
839
417
268
556
741
531
-147
-646
-640
-241
-153
-535
-896
-843
-548
-552
-783
-945
-715
-627
-817
-1085
-922
-410
-128
-282
-742
-965
-596
-154
-32
-201
-176
-67
52
-130
-272
-225
17
206
26
-75
59
167
109
-164
-197
52
367
260
-94
-193
-28
47
-122
-330
-217
-27
-83
-312
-352
-182
-251
-253
-245
-435
-349
-276
-161
-455
-523
-225
-230
-444
-564
-389
-317
-372
-546
-584
-299
-571
-651
-729
-716
-628
-653
-652
-738
-580
-100
188
11
-469
-775
-508
196
541
426
377
480
674
606
491
647
1098
1346
1200
829
925
1327
1777
1679
1217
907
1064
1345
1483
1240
1108
985
840
438
127
74
359
541
284
-224
-337
-18
264
97
-346
-510
-289
-128
-231
-415
-448
-336
-424
-678
-914
-724
-352
-197
-353
-570
-616
-419
-296
-327
-444
-478
-483
-371
-290
-188
-118
-172
-331
-397
-355
-92
133
148
-2
-155
-177
-72
93
198
80
-81
-149
-9
185
207
8
-141
-140
-11
124
68
-154
-265
-145
73
195
38
-263
-269
-264
-238
-108
-313
-358
-163
-284
-447
-485
-441
-393
-268
-420
-473
-534
-698
-774
-695
-673
-748
-793
-606
-177
241
154
-456
-975
-731
1
491
489
289
343
561
772
710
709
888
1327
1331
1113
985
1397
1951
1948
1294
642
596
1082
1366
1243
742
484
452
317
-77
-228
76
412
194
-282
-493
-163
162
42
-460
-896
-827
-462
-125
-225
-420
-435
-506
-646
-683
-500
-180
-116
-339
-606
-509
-287
-125
-215
-402
-481
-359
-78
116
63
-12
-111
-142
-72
26
60
69
88
71
91
119
176
255
172
104
109
138
222
293
120
-200
-186
-122
-73
58
-34
-226
-390
-272
-102
-233
-367
-397
-326
-271
-237
-355
-406
-245
-446
-376
-623
-576
-437
-403
-600
-823
-760
-661
-725
-1138
-1259
-1054
-973
-971
-1191
-967
-269
573
939
528
-469
-1147
-412
792
1467
1143
768
835
1381
1706
1627
1628
1776
1858
1733
1447
1568
1989
2417
2014
1021
158
119
492
761
717
421
-117
-438
-616
-680
-611
-568
-714
-1098
-1273
-880
-346
-125
-379
-852
-1074
-964
-642
-344
-45
154
133
-71
-257
-249
79
289
259
3
-90
225
618
946
794
277
-157
-316
-71
382
740
632
183
-263
-303
47
171
-73
-376
-360
-86
147
242
166
-15
-303
-465
-485
-344
-218
-124
-183
-316
-378
-410
-412
-383
-660
-740
-642
-409
-512
-645
-855
-806
-749
-753
-968
-1047
-1128
-1223
-1401
-1372
-1453
-1748
-2041
-2057
-1948
-1846
-1785
-1718
-1374
-487
1102
2353
2522
1008
-440
-25
1658
2786
2835
2380
2135
2622
3524
3717
3497
3120
2844
2098
1446
1271
1748
2298
2276
1285
-231
-1436
-1510
-1142
-850
-1083
-1716
-2086
-2079
-1908
-1354
-967
-1230
-1969
-2333
-1823
-770
385
900
803
551
544
731
788
1048
1490
1538
1349
1218
1412
1917
2253
1768
543
-380
-424
-69
64
-55
-339
-537
-790
-1028
-1207
-1239
-1217
-1305
-1274
-1063
-635
-226
-72
-269
-522
-660
-527
-400
-128
70
261
293
349
279
212
-4
-321
-794
-837
-766
-780
-1019
-1019
-1100
-1260
-1653
-1924
-2225
-2263
-2363
-2471
-2760
-2869
-2701
-2869
-2846
-2504
-2139
-1981
-1351
619
2986
4362
3978
2256
1348
2128
3825
4532
3742
2466
2706
4036
5218
5022
4115
3185
2289
1305
298
-541
-385
474
692
-707
-2106
-2531
-2151
-1827
-1972
-2704
-3482
-3530
-2718
-1545
-298
492
327
-327
-299
652
1724
2036
1757
1708
2024
2441
2545
2499
2551
2551
1919
788
21
-33
359
243
-583
-1375
-1568
-1422
-1060
-980
-1464
-2061
-2213
-1912
-1502
-1141
-950
-738
-446
-28
300
396
348
408
276
217
269
443
486
722
749
562
179
-54
-372
-745
-1388
-1850
-2191
-2257
-2295
-2122
-2099
-2079
-2165
-2172
-2405
-2521
-2660
-2867
-3170
-3157
-2868
-2624
-2166
-1537
-831
-71
1826
4057
5508
5004
3394
2753
3610
4663
4350
2982
1638
1812
3357
4177
4079
3315
2737
1755
682
-494
-1483
-1943
-1954
-1881
-2211
-2706
-2205
-1307
-475
-581
-1233
-2123
-2355
-1644
-477
488
870
952
1264
2246
3372
3911
3166
1976
1264
1109
1087
868
610
435
343
307
98
-259
-426
-631
-1184
-2041
-2527
-2445
-1914
-1363
-1002
-806
-571
-282
-32
112
69
46
-124
-210
17
597
1048
1220
1040
888
837
902
612
14
-698
-932
-870
-835
-1002
-1009
-1144
-1406
-1698
-1816
-2044
-2284
-2660
-2777
-2604
-2011
-1563
-1097
-1006
-912
-1025
-1261
-1824
-2204
-2471
-2964
-3094
-2838
-2081
-1237
694
3255
5041
5501
4382
3529
3799
4283
3896
2015
88
-432
1076
2648
3366
3222
3188
3059
2627
1768
395
-1019
-1867
-2568
-3084
-3515
-2940
-1484
58
868
857
221
-105
60
243
-97
-818
-1233
-859
588
2399
3484
3556
3174
2814
2599
2026
776
-744
-1745
-2181
-2228
-1910
-1609
-874
92
603
297
-141
-411
-755
-1002
-1532
-2057
-1795
-970
-27
499
703
1101
1487
1696
1332
637
-30
-256
-260
-218
-147
78
485
722
674
572
129
-264
-829
-1507
-2219
-2733
-2715
-2189
-1823
-1730
-1694
-1140
-596
-269
-533
-886
-1199
-1106
-1306
-1513
-1854
-1769
-1602
-1715
-2132
-2504
-2583
-2739
-2900
-2929
-2288
-669
1882
3938
4726
4121
3995
5261
6221
5347
2805
459
-136
697
1779
1786
1431
1926
3195
3347
3113
2260
977
-3
-1500
-3258
-4275
-4538
-3462
-2297
-1489
-1087
-339
1032
2335
2703
2051
668
-286
22
577
815
875
959
1590
2705
3442
3463
2579
1680
622
-762
-1980
-3070
-3568
-3700
-3555
-3208
-2340
-986
510
1380
1313
825
571
655
366
-160
-1069
-1567
-1011
-110
666
1041
1230
1634
2013
1984
1624
1076
444
112
-441
-787
-976
-805
-705
-1161
-1510
-1621
-1657
-1724
-2141
-2578
-2667
-2271
-1659
-1022
-663
-181
105
580
715
710
281
-170
-960
-1473
-2001
-2273
-2664
-3218
-3445
-3629
-3408
-3006
-2594
-2617
-1992
18
2498
3913
4288
3895
4279
5671
6054
5232
3183
1303
1407
1805
1650
1264
1174
1634
2513
2485
2313
1727
998
572
-1061
-2942
-3741
-4136
-3462
-3276
-3247
-2612
-1276
687
2329
2603
2433
2284
2360
2632
2092
1511
974
702
1140
1347
1320
1754
1708
1319
691
-313
-1058
-1847
-2702
-3497
-4295
-4607
-3812
-2713
-1476
-614
82
964
1801
2602
2623
2178
1388
807
306
-195
-354
-337
-321
-182
356
964
1638
2073
1837
1428
808
512
-75
-1099
-2129
-2901
-3200
-3235
-3183
-2972
-2589
-2075
-1374
-787
-280
331
602
857
773
917
759
639
224
-190
-728
-931
-1420
-1959
-2484
-2757
-3031
-3468
-3675
-3956
-3822
-3436
-3016
-3064
-2169
365
3106
4434
4672
4515
5557
7407
7351
5720
3336
1687
1778
1519
611
9
352
911
1547
1584
1970
1997
1503
982
-1046
-2904
-3522
-4063
-3870
-4312
-4533
-3748
-1675
783
2485
3035
3367
4138
4746
4718
3479
2410
1572
767
162
-498
-597
132
450
2
-555
-579
-351
-844
-1882
-3244
-4376
-4703
-4245
-3891
-3169
-2088
-710
979
2415
3562
4143
4366
3858
2999
1681
496
-278
-913
-1507
-1844
-1259
-316
615
1299
1588
1686
1602
1415
393
-861
-2080
-3054
-3721
-4220
-4211
-3839
-2980
-2027
-1045
-25
977
1984
2364
2413
1968
1820
1360
855
-67
-921
-1613
-1810
-2027
-2454
-2894
-2863
-2730
-2723
-2819
-3152
-3355
-3315
-3093
-3319
-3477
-2993
-1527
717
2961
4418
5142
5431
6845
8695
8057
6003
3900
2415
1827
735
-552
-1036
-690
-219
622
617
1259
2118
1755
856
-851
-2595
-3297
-3991
-4324
-4909
-4965
-3955
-1534
619
2377
3806
4784
5973
6242
5836
4616
3510
2503
857
-920
-1732
-1706
-1523
-1673
-2022
-1772
-1424
-1096
-913
-1663
-2622
-3163
-3705
-3586
-3236
-2990
-2393
-1202
488
2155
3270
3928
4749
4889
4287
3004
1849
724
-423
-1455
-2308
-2304
-1726
-974
-459
144
952
1422
1252
660
-133
-1303
-2108
-2833
-3619
-3880
-3798
-3024
-1866
-716
410
1455
2419
2926
3213
2706
2175
1247
315
-795
-1638
-2270
-2746
-3025
-2923
-2648
-2391
-2177
-1755
-1665
-1666
-1809
-2323
-2838
-3126
-3202
-3638
-3734
-3174
-1294
1306
3495
5084
5778
6267
8077
9354
7909
5812
3544
1752
983
-492
-1476
-1571
-1642
-1087
67
467
1505
1905
1385
748
-1020
-2572
-3208
-3977
-4077
-4729
-4792
-3206
-416
1746
3408
4727
5767
7051
7072
6168
4614
3394
1708
-499
-2258
-3175
-3024
-3143
-3599
-3359
-2470
-1690
-827
-699
-1368
-1861
-2301
-2538
-2582
-2748
-2639
-2263
-1105
865
2516
3663
4466
5055
5049
4756
3521
2095
543
-1164
-2299
-2961
-2985
-2607
-1882
-1293
-269
986
1548
1559
1007
271
-657
-1540
-2385
-3247
-3651
-3449
-2666
-1699
-505
763
1856
2762
2988
3045
2628
2031
906
-222
-1312
-1845
-2203
-2645
-2923
-2718
-2212
-1770
-1598
-1449
-1484
-1386
-1470
-1735
-2476
-2903
-2954
-3302
-3429
-3501
-3027
-2200
167
2985
4610
5389
5696
6957
8931
8697
6383
4368
2497
1319
430
-1481
-2085
-1761
-1332
-982
-495
546
1823
1498
1057
33
-1759
-2238
-2530
-3534
-3919
-4301
-3369
-1148
1170
2788
3976
5170
6191
6809
5979
4701
3189
1749
-354
-2318
-3180
-3590
-3474
-3448
-3327
-2752
-1698
-540
-82
-436
-991
-1652
-2142
-2028
-2111
-2649
-2516
-1666
-183
1534
2809
3882
4534
4822
4436
3815
2711
1254
-441
-2021
-2883
-3034
-2648
-2507
-1953
-877
370
1199
1490
1475
916
331
-446
-1412
-2279
-2782
-2890
-2662
-1946
-1068
36
1163
1914
2458
2545
2536
2034
1333
282
-584
-1303
-1802
-2219
-2371
-2298
-2230
-2008
-1597
-1415
-1267
-1305
-1198
-1334
-1414
-1649
-1928
-2341
-2525
-2570
-2920
-2855
-2696
-2255
-1316
948
3342
4741
5114
5180
6760
8216
7296
5187
3308
1823
899
-154
-1636
-1697
-1429
-892
-420
130
1251
1900
1429
1117
-195
-1787
-2294
-2672
-3317
-3563
-3830
-2571
-294
1644
2904
3780
4793
5601
5719
4505
3283
2134
767
-1039
-2487
-2904
-2817
-2583
-2477
-2095
-1559
-854
-121
-222
-767
-1434
-2250
-2688
-2707
-2692
-2641
-2049
-983
451
1894
3119
4239
4516
4266
3474
2729
1713
299
-1192
-2365
-2666
-2483
-1903
-1414
-732
211
1123
1616
1637
1298
387
-347
-1013
-1853
-2460
-2717
-2516
-1991
-1230
-394
563
1367
1669
1799
1694
1567
1043
376
-430
-813
-936
-1023
-1210
-1263
-1185
-1105
-1132
-1168
-1383
-1458
-1558
-1586
-1731
-1620
-1580
-1365
-1459
-1673
-1792
-2125
-2490
-2696
-2622
-3171
-3034
-1565
1112
3218
4367
4899
5432
7413
8572
7381
5271
3301
1819
705
-618
-1676
-1201
-1260
-1003
-154
680
1602
1836
1432
508
-1339
-2548
-2967
-3372
-3741
-3850
-3706
-1698
820
2535
3765
4638
5514
5709
4998
3468
2431
1336
-319
-1952
-2827
-2699
-1858
-1219
-1487
-1383
-758
-376
-313
-971
-2179
-3181
-3675
-3559
-3509
-3206
-2237
-795
615
1917
3140
4077
4876
4497
3476
2266
1283
410
-632
-1730
-2281
-1776
-1274
-690
72
694
1081
1254
1062
469
-177
-945
-1624
-2164
-2478
-2291
-1812
-1195
-652
-60
671
1232
1434
1243
1006
729
594
267
21
-141
-152
-167
-27
-14
-218
-542
-810
-1255
-1665
-2018
-2194
-2218
-2096
-1911
-1337
-969
-645
-553
-467
-744
-1076
-1629
-2609
-3337
-3617
-3363
-3463
-3249
-2303
25
3187
5522
6494
6357
6418
7439
7568
5357
2781
870
-487
-1059
-1715
-1308
-269
383
1098
1696
1610
1905
1671
500
-1276
-3442
-4558
-3968
-3352
-2744
-2217
-833
1465
3520
4429
4616
4790
4179
2868
1095
-103
-424
-499
-1049
-1669
-1417
-157
1161
1304
404
-553
-1471
-2126
-2695
-3894
-4836
-4865
-4051
-3006
-1756
-213
1538
2792
3023
3061
2932
2780
2152
1038
-168
-661
-430
-93
203
443
827
1048
1147
1086
663
-32
-715
-1229
-1575
-1728
-1555
-1127
-712
-482
-147
345
519
217
-261
-640
-786
-754
-732
-532
-112
408
907
1482
1752
1706
1253
736
47
-582
-1174
-1597
-1936
-2134
-2029
-1567
-1145
-945
-874
-659
-687
-777
-1118
-1344
-1629
-1721
-1863
-1798
-1751
-1560
-1350
-1594
-1734
-1753
-1544
-1694
-1846
-1460
32
2562
4594
5304
4930
4767
5898
6394
4744
2482
939
-47
-433
-974
-617
519
1233
1611
1567
1053
1279
1217
210
-1643
-3534
-4050
-3023
-2172
-1580
-869
441
1909
2840
2932
2761
2821
2053
657
-463
-703
-111
709
753
434
432
971
1363
820
-692
-2206
-3102
-3444
-3575
-3747
-3332
-2312
-1213
-663
-261
661
1509
1406
420
-215
-223
198
640
860
1031
1612
2236
2504
2337
1755
998
207
-677
-1450
-1632
-1424
-1036
-707
-323
205
813
923
350
-273
-706
-1069
-1376
-1562
-1441
-998
-361
239
721
1096
1258
1196
822
431
153
98
-120
-218
-189
-57
1
-25
-255
-586
-987
-1413
-1838
-2067
-2086
-1760
-1419
-1136
-891
-370
27
165
-210
-606
-1037
-1218
-1556
-1756
-1792
-1618
-1435
-1618
-1611
-1301
-929
-937
-1224
-1225
-330
1724
4014
4815
4248
3203
3472
4478
3865
2025
866
489
584
701
1085
2133
3053
2853
1916
473
-147
-217
-571
-1525
-2933
-3211
-1797
-483
236
405
582
708
386
-464
-910
-430
-94
-338
-327
207
1234
2672
3107
2338
1121
298
-11
-193
-999
-1676
-1660
-1354
-1193
-1123
-903
-581
-621
-1557
-2622
-2705
-2066
-1430
-1109
-776
-116
698
1417
1856
1807
1523
1282
1149
917
780
991
1304
1282
956
737
756
685
196
-420
-807
-825
-660
-636
-787
-806
-822
-853
-947
-1040
-1035
-866
-608
-409
-132
352
856
967
814
745
923
846
624
323
251
157
-8
-229
-481
-760
-941
-1129
-1365
-1528
-1436
-1251
-1128
-1164
-1102
-888
-593
-570
-565
-559
-394
-409
-431
-476
-423
-560
-551
-656
-688
-745
-661
-737
-1010
-1368
-1899
-1819
-1576
-1437
-1541
-1162
71
2303
3984
4076
3120
1838
1683
2461
2414
1887
1799
2503
2971
2982
2991
3603
3566
2437
697
-905
-1335
-817
-93
-1
-1214
-2026
-1826
-1432
-1685
-1994
-2105
-2096
-1995
-1643
-910
404
1418
1679
1257
512
650
1639
2580
2330
1396
953
1419
1573
868
71
-182
-576
-1496
-2202
-2012
-1324
-1106
-1423
-2021
-2554
-2508
-1883
-1494
-1390
-1169
-647
-19
423
876
1370
1699
1653
1498
1427
1673
2001
2144
1912
1408
927
539
337
68
-312
-599
-581
-457
-466
-632
-699
-884
-1246
-1521
-1367
-1059
-845
-617
-326
-63
73
133
114
50
-6
193
449
731
874
932
787
477
94
-146
-356
-537
-738
-805
-741
-599
-657
-914
-1161
-1293
-1356
-1282
-1187
-958
-685
-431
-393
-385
-340
-172
-167
-164
-197
-17
64
119
22
-182
-555
-724
-904
-997
-1114
-1406
-1568
-1713
-1628
-1619
-1602
-1384
-593
1112
2848
3252
2414
830
899
2427
3399
3403
3196
3189
3370
2907
2338
2346
2600
2660
1828
220
-320
125
715
348
-1137
-2540
-2993
-2806
-2113
-1485
-1169
-1237
-1247
-1697
-2124
-1599
-531
548
752
269
292
1130
2109
2323
1645
1093
927
1067
1241
1454
1565
1291
526
-493
-1274
-1378
-1008
-489
-589
-1357
-1888
-1882
-1573
-1288
-1458
-1867
-1952
-1444
-657
-306
0
505
731
495
234
673
1497
2045
1927
1594
1345
1183
1119
922
651
446
318
166
-43
-257
-281
-367
-545
-831
-1010
-888
-665
-641
-813
-881
-737
-489
-353
-364
-394
-254
-38
78
-54
-87
23
217
265
191
165
228
183
57
-97
-58
18
72
-85
-345
-500
-522
-624
-777
-845
-731
-655
-626
-655
-621
-569
-530
-586
-566
-572
-444
-399
-346
-390
-375
-428
-427
-434
-411
-559
-725
-868
-810
-666
-862
-1090
-1041
-876
-655
-686
-645
-58
1173
2369
2123
862
-553
168
2425
3790
3355
2247
1663
1744
1655
1784
2486
3176
3099
2181
611
146
568
1153
1307
449
-622
-919
-812
-660
-1036
-1722
-2011
-1596
-1246
-1341
-1394
-1236
-963
-1164
-1514
-1158
-266
638
753
86
-197
220
885
1215
1229
1099
971
850
740
712
699
570
688
731
365
-101
-280
-279
-519
-985
-1095
-818
-578
-677
-1051
-1435
-1379
-1052
-789
-628
-571
-605
-641
-649
-378
112
481
614
680
578
531
603
820
1087
990
872
815
708
628
518
400
371
375
282
185
-24
-377
-490
-559
-493
-417
-485
-550
-714
-803
-752
-629
-491
-459
-500
-461
-372
-278
-179
-25
-18
31
100
180
165
68
-24
16
26
43
-44
-147
-248
-296
-326
-336
-395
-390
-396
-470
-609
-630
-551
-352
-282
-358
-501
-536
-539
-488
-536
-500
-476
-366
-421
-562
-719
-724
-607
-490
-443
-743
-916
-792
-570
-312
-487
-560
-215
976
1797
1105
-146
-925
596
2723
3193
1769
468
716
1943
2370
2240
2389
2590
2417
1922
1238
1432
1596
1581
1435
1031
672
471
-36
-582
-956
-756
-146
-49
-840
-1876
-2182
-1591
-817
-848
-1265
-1363
-1179
-889
-987
-1228
-708
-186
-61
-274
-286
-101
-30
-55
18
376
656
673
490
176
114
340
745
958
719
415
368
322
239
214
189
350
390
146
-128
-298
-254
-269
-305
-255
-150
-370
-811
-1085
-972
-666
-579
-585
-524
-551
-721
-722
-296
-11
8
-220
-203
196
403
393
160
170
636
1036
869
443
298
510
789
804
719
528
185
260
284
103
-112
-133
105
-42
-435
-590
-576
-571
-544
-463
-506
-714
-795
-636
-449
-497
-443
-413
-512
-496
-261
-16
27
-157
-81
0
12
21
34
26
19
77
123
13
-130
-170
7
20
-107
-227
-268
-186
-216
-285
-266
-270
-240
-328
-407
-434
-390
-406
-382
-436
-487
-587
-613
-573
-535
-604
-623
-604
-490
-491
-619
-585
-386
361
954
423
-434
-636
463
1912
1744
731
138
881
1909
1809
1066
1299
1842
2270
1841
1341
1444
1599
1445
1800
1914
1552
667
182
469
957
977
531
-95
-460
-492
-451
-488
-641
-917
-1035
-807
-864
-1144
-1618
-1682
-1024
-475
-788
-1300
-1546
-1218
-930
-714
-500
-461
-603
-603
-436
-146
-28
-68
-19
324
530
452
215
86
453
836
906
784
574
449
443
585
818
699
427
329
365
247
31
-71
59
200
66
-223
-457
-578
-572
-472
-382
-383
-557
-773
-790
-620
-524
-466
-538
-526
-419
-380
-327
-303
-145
22
97
112
54
58
198
412
432
431
537
460
377
409
610
668
504
423
437
382
250
254
290
209
93
-26
-118
-232
-237
-163
-309
-459
-440
-353
-415
-546
-560
-439
-415
-495
-469
-354
-301
-268
-280
-268
-238
-122
-31
-41
-93
-7
69
57
41
77
87
88
29
42
10
-41
-49
-33
-33
-69
-135
-182
-206
-196
-256
-280
-321
-318
-365
-379
-383
-426
-404
-318
-374
-461
-538
-525
-434
-345
-378
-465
-543
-376
-162
314
408
-183
-405
-192
716
1227
821
107
212
1054
1618
1027
639
1229
1731
1729
1301
1071
1464
1402
1474
1631
1479
1050
683
693
1030
1031
786
274
-2
177
240
-146
-426
-334
-249
-356
-624
-912
-1026
-1065
-849
-511
-758
-1234
-1440
-1125
-877
-908
-980
-893
-901
-789
-739
-794
-743
-487
-256
-127
-182
-201
-235
-114
141
445
460
254
246
366
488
495
554
666
581
546
580
462
385
395
562
601
445
208
40
49
139
154
80
-67
-197
-257
-298
-304
-305
-342
-434
-439
-440
-522
-643
-581
-412
-313
-376
-477
-549
-469
-325
-143
-145
-143
-61
-143
-101
-11
187
370
393
294
117
151
459
559
515
566
446
317
387
408
474
446
490
474
153
69
162
215
225
108
69
-137
-363
-214
-57
-120
-287
-328
-375
-465
-434
-338
-243
-286
-355
-345
-391
-311
-179
-57
-127
-276
-193
-43
-111
-92
19
47
-50
-68
-62
-65
-36
23
33
-85
-163
-116
-37
-56
-145
-100
-123
-219
-282
-188
-178
-209
-219
-307
-325
-255
-215
-246
-349
-287
-280
-311
-365
-323
-229
-248
-349
-313
-268
-228
-234
-238
-65
266
561
73
-359
-238
524
1063
802
174
84
717
1231
976
572
820
1360
1418
1099
701
978
1187
1332
1412
1237
832
500
615
963
998
699
307
128
213
185
-50
-193
-198
-167
-282
-503
-755
-850
-766
-642
-449
-637
-1023
-1233
-964
-641
-659
-870
-868
-793
-671
-732
-754
-602
-405
-341
-319
-348
-359
-329
-168
92
268
217
26
-14
211
413
439
414
430
471
444
418
355
394
495
540
511
364
166
134
249
384
296
78
-38
-39
-33
-106
-166
-144
-139
-244
-355
-433
-465
-440
-335
-295
-339
-496
-564
-507
-340
-247
-273
-325
-302
-289
-290
-264
-129
-20
-7
-67
-56
-11
22
83
182
280
228
166
166
280
335
367
395
414
371
341
357
387
413
448
415
385
295
251
229
266
318
269
100
-25
12
119
81
-55
-107
-106
-164
-210
-193
-175
-179
-251
-288
-302
-280
-237
-219
-244
-267
-291
-269
-277
-230
-175
-156
-201
-215
-213
-195
-168
-107
-106
-114
-159
-162
-151
-111
-93
-74
-99
-142
-164
-115
-95
-119
-128
-91
-99
-130
-149
-120
-78
-59
-76
-92
-112
-87
-43
-21
-55
-84
-73
-46
-38
-18
-48
-79
-49
-5
-39
-129
-145
-105
-36
-58
-102
-165
-120
50
232
313
-3
-227
-69
362
682
447
76
-33
476
807
695
318
447
836
951
723
459
629
870
979
988
764
576
425
630
770
791
541
278
152
265
353
164
-24
-75
45
-3
-262
-459
-458
-312
-258
-302
-488
-736
-769
-594
-395
-481
-630
-734
-636
-563
-563
-620
-548
-434
-355
-430
-515
-519
-346
-185
-111
-138
-170
-214
-160
-1
151
175
130
132
183
214
194
214
316
397
358
258
186
204
274
328
315
248
146
87
56
95
100
64
14
-27
-62
-143
-207
-189
-105
-82
-170
-298
-336
-310
-244
-199
-197
-233
-271
-290
-260
-226
-170
-139
-105
-110
-133
-154
-122
-25
76
87
22
-6
43
134
176
177
130
212
262
252
199
200
289
360
357
248
212
258
314
323
267
249
183
194
174
180
149
92
78
51
15
-57
-39
-32
-81
-122
-151
-159
-189
-183
-182
-191
-213
-243
-228
-233
-232
-214
-167
-207
-234
-221
-166
-148
-139
-148
-157
-143
-102
-91
-97
-97
-57
-44
-63
-106
-75
-22
3
-7
-31
-58
-56
-21
6
-4
-15
-19
-23
-29
-25
-26
-15
-12
-13
-35
-54
-59
-38
-10
-10
-38
-71
-76
-47
-14
-19
-48
-62
-45
-17
-26
-42
-59
-17
6
10
-25
-61
-61
-75
-50
-32
-38
-61
-80
-87
4
141
270
52
-176
-136
225
522
382
40
-62
287
587
512
268
275
596
693
590
309
433
641
749
709
550
446
339
429
563
606
464
190
146
198
292
143
12
-29
21
19
-164
-327
-350
-219
-172
-215
-376
-527
-590
-496
-351
-322
-465
-599
-585
-452
-453
-495
-501
-376
-313
-345
-453
-453
-349
-195
-136
-137
-188
-210
-170
-54
54
96
50
34
82
140
138
120
185
286
303
212
131
141
232
286
286
228
149
105
129
156
160
121
99
79
44
-23
-64
-38
27
32
-45
-140
-170
-132
-101
-87
-97
-129
-177
-196
-163
-123
-125
-130
-123
-97
-118
-159
-153
-75
-3
0
-56
-83
-54
-7
30
55
69
66
51
41
64
108
140
129
128
133
121
114
129
152
178
152
133
98
101
110
142
133
99
81
75
70
47
72
85
59
24
-4
8
1
18
5
-12
-37
-71
-67
-76
-53
-58
-78
-128
-146
-131
-111
-98
-104
-136
-159
-160
-134
-123
-110
-114
-112
-124
-137
-138
-100
-69
-58
-84
-101
-95
-71
-61
-40
-23
-25
-49
-65
-44
-9
15
16
-3
-11
-2
5
10
28
41
43
30
16
17
29
48
46
44
39
33
25
29
41
48
37
28
24
27
26
26
25
23
18
13
9
2
13
21
0
-12
-3
8
-3
-13
-14
-15
-9
-10
-14
-24
-30
-27
-22
-17
-30
-39
-27
-19
-17
-14
-1
12
16
17
10
47
75
95
63
90
138
170
156
132
174
237
254
236
215
251
262
297
273
274
260
271
252
236
229
219
201
171
164
153
99
67
51
59
20
-30
-65
-83
-94
-113
-131
-169
-184
-205
-207
-236
-247
-257
-239
-245
-260
-280
-269
-261
-242
-236
-227
-231
-214
-214
-187
-171
-135
-127
-112
-99
-72
-53
-40
-23
16
37
33
38
66
93
97
103
117
129
125
125
127
137
135
137
129
122
110
102
87
88
90
83
50
29
25
25
12
5
-2
-21
-45
-53
-47
-47
-63
-75
-71
-73
-86
-108
-101
-84
-70
-84
-100
-103
-90
-80
-66
-58
-49
-54
-57
-48
-30
-17
-15
-8
11
20
14
4
19
46
59
55
41
44
44
65
81
101
94
48
38
72
125
113
57
38
69
123
85
51
28
84
109
76
22
-7
54
84
68
-6
-38
-1
24
27
-35
-52
-54
-33
-22
-59
-84
-93
-66
-75
-86
-105
-100
-88
-86
-101
-111
-107
-87
-78
-78
-92
-88
-73
-61
-64
-53
-39
-24
-42
-49
-35
-3
7
-3
-6
-5
5
16
25
25
30
32
26
20
26
38
41
40
36
26
23
22
34
43
36
19
7
11
24
21
12
4
11
14
3
-12
-13
6
18
3
-19
-26
-10
5
-3
-17
-18
-10
-6
-15
-17
-10
-2
1
-11
-13
-15
-10
-6
-2
-4
-15
-15
-14
-10
-9
-15
-14
-13
-10
-12
-7
17
19
11
-7
15
48
66
49
35
63
91
96
90
91
124
131
142
128
140
149
171
169
170
163
156
156
154
152
147
122
117
104
96
69
63
55
46
20
-11
-16
-26
-45
-67
-66
-71
-98
-125
-130
-126
-125
-141
-146
-158
-157
-165
-159
-159
-144
-146
-147
-154
-135
-129
-119
-114
-99
-87
-83
-79
-57
-41
-30
-23
-8
2
9
15
32
49
50
56
60
69
71
75
78
86
87
85
76
73
77
77
65
62
55
55
42
32
29
31
23
8
1
-4
-10
-17
-21
-29
-33
-40
-46
-49
-50
-55
-55
-57
-59
-60
-60
-62
-55
-55
-53
-52
-45
-42
-40
-37
-24
-19
-19
-20
-12
2
7
8
6
10
21
25
27
28
30
34
38
43
39
35
34
45
47
45
34
27
33
37
32
26
21
20
16
12
11
9
3
0
-3
2
-7
-18
-17
-12
-11
-22
-29
-30
-24
-23
-28
-35
-33
-28
-28
-34
-32
-27
-25
-29
-27
-23
-18
-21
-17
-16
-11
-4
-3
15
-2
-17
-4
28
39
9
-2
-1
43
43
27
13
15
47
38
36
8
26
48
47
27
1
23
29
41
21
7
11
5
30
14
3
-1
12
11
-5
-7
-7
3
-5
-9
-11
-15
-14
-14
-14
-15
-17
-17
-18
-21
-18
-15
-14
-15
-17
-18
-17
-14
-16
-9
-14
-16
-13
-10
-6
-11
-10
-7
-7
-2
-3
-2
-2
2
2
1
0
1
7
7
4
2
3
5
11
10
4
6
12
11
7
2
4
9
7
4
-2
2
9
8
3
2
4
4
7
2
0
1
3
2
3
3
0
-1
-1
1
2
2
-3
-2
6
-1
-4
-4
-3
7
6
-2
-5
0
8
5
2
1
3
6
5
3
5
7
6
5
11
9
7
6
7
12
12
9
8
9
15
13
10
8
13
16
16
12
11
12
14
15
13
12
9
9
13
13
13
7
6
12
10
7
3
0
3
7
4
-6
-8
-5
2
1
-7
-12
-12
-5
-6
-11
-14
-14
-11
-10
-14
-17
-11
-2
7
-4
-21
-15
7
17
6
-6
-5
5
10
12
6
3
8
14
10
-1
2
16
18
3
-10
-1
7
1
-2
-4
-9
-14
-9
-15
-20
-14
-10
-13
-31
-29
-15
-10
-21
-27
-20
-18
-20
-18
-14
-15
-18
-11
-10
-14
-15
-3
-1
-7
-5
1
3
0
3
9
6
3
9
13
12
8
10
13
14
13
14
12
12
12
13
12
12
12
13
11
8
10
11
10
6
5
10
7
6
5
7
6
4
5
4
5
3
4
4
4
6
4
6
2
5
6
6
6
6
6
3
3
5
6
4
5
6
5
7
5
7
7
4
3
3
5
3
3
4
5
3
1
5
7
9
5
2
4
7
7
5
5
5
6
11
7
5
7
8
6
6
5
5
5
6
3
5
5
3
5
5
6
3
0
3
4
3
3
1
-1
2
5
3
-1
1
0
0
1
1
0
-2
-2
-1
-1
-1
0
-1
-2
0
3
2
0
0
0
3
1
-1
-2
0
3
2
0
-1
-1
4
4
2
1
-1
2
3
3
-2
-3
1
3
3
0
-1
0
3
2
0
0
-1
2
2
0
-1
-2
-1
0
2
0
1
1
2
1
-1
-1
-2
0
-1
-3
-4
-2
0
0
0
-1
-1
0
-4
-3
-2
-2
-1
-6
-4
-1
1
1
-1
1
-1
2
0
-4
-1
-1
0
0
-4
-4
0
1
0
-1
0
1
1
2
0
0
1
1
0
0
-1
0
-1
0
0
-1
-2
0
0
-2
-3
-3
0
-1
-4
-4
-1
-1
0
-1
-2
0
-1
-2
-2
-2
-4
-4
-3
-4
-4
-3
0
-1
-6
-4
-2
-2
-2
-4
-2
-1
-2
-2
-4
-1
0
2
2
0
2
1
2
2
0
0
1
-1
1
2
1
2
4
3
2
3
2
0
1
2
1
1
2
2
4
4
3
2
3
2
2
2
0
0
2
3
-1
1
1
0
1
1
1
2
1
1
-2
-1
0
0
0
-1
0
0
0
1
1
1
0
1
0
0
0
0
0
-1
0
0
0
0
1
3
0
1
2
1
2
0
-1
1
4
2
0
1
0
3
3
-1
0
1
3
0
0
2
0
2
-1
1
-1
0
1
-1
0
-2
0
-1
1
-1
-2
1
1
2
0
1
1
2
3
1
1
1
2
1
1
0
0
1
0
-1
1
2
1
1
1
0
1
1
1
1
0
1
1
0
1
0
2
1
-1
2
0
1
0
0
0
-1
1
1
1
0
-1
1
0
0
0
0
1
1
0
-1
2
3
5
2
1
3
2
3
2
3
1
2
3
2
3
4
3
2
3
2
2
3
1
1
2
1
3
2
2
-1
2
2
2
2
0
3
0
1
2
1
3
1
2
3
1
2
3
2
2
3
2
3
3
3
4
2
4
0
1
1
0
3
1
3
2
3
4
2
4
3
2
2
4
3
1
2
3
3
5
4
2
1
2
4
1
3
1
1
2
0
3
1
4
2
3
4
2
3
5
6
2
5
4
3
3
3
2
3
4
1
3
4
3
4
1
2
1
-1
3
1
2
0
1
3
1
3
1
-1
-1
-1
0
0
1
0
